STORE final_zpn INTO '/uhadoop2019/grupock/proyecto10/zpn10';
anno	avg	min	max	
1750	-0.9090909090909091	-14	13
1760	-3.25	-19	11
1770	-1.8333333333333333	-15	11
1780	-1.6666666666666667	-15	13
1790	-1.8333333333333333	-12	10
1800	-1.8333333333333333	-14	10
1810	-3.6666666666666665	-15	10
1820	-5.235294117647059	-30	12
1830	-6.416666666666667	-28	12
1840	-7.666666666666667	-30	12
1850	-7.666666666666667	-32	12
1860	-7.291666666666667	-32	11
1870	-7.5	-32	13
1880	-7.166666666666667	-32	11
1890	-7.291666666666667	-35	12
1900	-7.125	-32	13
1910	-7.125	-33	12
1920	-5.583333333333333	-34	14
1930	-6.416666666666667	-35	12
1940	-7.041666666666667	-36	12
1950	-5.916666666666667	-35	11
1960	-6.833333333333333	-37	17
1970	-6.875	-31	15
1980	-7.0	-30	12
1990	-5.875	-36	15
2000	-5.875	-38	14
2010	-6.416666666666667	-35	14

STORE final_ztn INTO '/uhadoop2019/grupock/proyecto10/ztn10';
anno	avg	min	max	
1750	9.534023668639053	-17	29
1760	8.4890756302521	-23	34
1770	9.161638853230638	-18	32
1780	9.158372600850477	-20	36
1790	9.534171167428333	-19	34
1800	12.94720643939394	-18	35
1810	9.055949343162272	-21	33
1820	12.290243303022855	-30	35
1830	11.889941690962099	-29	36
1840	12.095772820282477	-31	37
1850	12.723989989274223	-35	36
1860	11.72386895475819	-35	37
1870	12.996047271407251	-34	36
1880	12.984011108906962	-34	36
1890	13.18935427574171	-30	36
1900	13.302316357290179	-38	37
1910	13.063580834523243	-34	36
1920	13.20343487228304	-33	35
1930	13.47889893701412	-32	36
1940	13.156750753609392	-36	36
1950	13.449389179755672	-31	36
1960	13.652189433603047	-32	37
1970	13.411788037442488	-29	36
1980	13.38664128192924	-31	37
1990	14.333293669681105	-31	38
2000	14.287561478660955	-33	38
2010	14.274869109947645	-34	38

STORE final_ztr INTO '/uhadoop2019/grupock/proyecto10/ztr10';
anno	avg	min	max	
1790	21.6875	15	27
1800	25.937047101449274	18	34
1820	24.96487025948104	16	33
1830	25.261204481792717	16	32
1840	23.594519704433498	11	34
1850	24.06769001172583	10	33
1860	23.714698238521514	1	34
1870	23.933320297223307	3	34
1880	23.83771437130233	1	35
1890	23.61200499595915	0	35
1900	24.202033218785797	1	35
1910	23.72845074455899	0	35
1920	24.04868270332188	0	34
1930	24.198095647193586	1	35
1940	24.376503436426116	1	35
1950	24.10745990836197	0	35
1960	24.40327892325315	1	35
1970	24.41487686139748	1	35
1980	24.63681271477663	1	36
1990	24.679338487972508	1	34
2000	24.627004581901488	1	35
2010	25.109249713631158	2	36

STORE final_zts INTO '/uhadoop2019/grupock/proyecto10/zts10';
anno	avg	min	max	
1790	23.25	21	26
1840	19.276811594202897	9	27
1850	13.825757575757576	0	23
1860	17.003589375448673	-1	27
1870	16.985069444444445	-1	27
1880	17.02132867132867	0	27
1890	16.63991769547325	-1	26
1900	17.315157750342937	-3	28
1910	16.641975308641975	-1	26
1920	17.133744855967077	-2	27
1930	17.321330589849108	-2	27
1940	17.54732510288066	0	28
1950	17.429698216735254	0	27
1960	17.333676268861453	-1	28
1970	17.616598079561044	-1	28
1980	17.713648834019203	0	27
1990	17.71536351165981	-1	27
2000	17.628600823045268	-1	28
2010	18.026748971193417	-2	29

STORE final_zps INTO '/uhadoop2019/grupock/proyecto10/zps10';
anno	avg	min	max	


