STORE final_zpn INTO '/uhadoop2019/grupock/proyecto10/deltazpn10';
anno	delta	
1750	27
1760	30
1770	26
1780	28
1790	22
1800	24
1810	25
1820	42
1830	40
1840	42
1850	44
1860	43
1870	45
1880	43
1890	47
1900	45
1910	45
1920	48
1930	47
1940	48
1950	46
1960	54
1970	46
1980	42
1990	51
2000	52
2010	49

STORE final_ztn INTO '/uhadoop2019/grupock/proyecto10/deltaztn10';
anno	delta
1750	46
1760	57
1770	50
1780	56
1790	53
1800	53
1810	54
1820	65
1830	65
1840	68
1850	71
1860	72
1870	70
1880	70
1890	66
1900	75
1910	70
1920	68
1930	68
1940	72
1950	67
1960	69
1970	65
1980	68
1990	69
2000	71
2010	72	

STORE final_ztr INTO '/uhadoop2019/grupock/proyecto10/deltaztr10';
anno	delta
1790	12
1800	16
1820	17
1830	16
1840	23
1850	23
1860	33
1870	31
1880	34
1890	35
1900	34
1910	35
1920	34
1930	34
1940	34
1950	35
1960	34
1970	34
1980	35
1990	33
2000	34
2010	34

STORE final_ts INTO '/uhadoop2019/grupock/proyecto10/deltazts10';
anno	delta
1790	5
1840	18
1850	23
1860	28
1870	28
1880	27
1890	27
1900	31
1910	27
1920	29
1930	29
1940	28
1950	27
1960	29
1970	29
1980	27
1990	28
2000	29
2010	31

STORE final_zps INTO '/uhadoop2019/grupock/proyecto10/deltazps10';
anno	delta

