INTO '/uhadoop2019/grupock/proyecto10/deltang10';
anno	delta	
1860	11
1870	12
1880	11
1890	13
1900	12
1910	11
1920	13
1930	11
1940	10
1950	12
1960	13
1970	13
1980	12
1990	13
2000	12
2010	15

INTO '/uhadoop2019/grupock/proyecto10/deltanc10';
anno	delta	
1860	10
1870	11
1880	10
1890	11
1900	10
1910	10
1920	12
1930	12
1940	9
1950	11
1960	12
1970	11
1980	12
1990	11
2000	11
2010	12

INTO '/uhadoop2019/grupock/proyecto10/deltazc10';
anno	delta	
1860	19
1870	18
1880	17
1890	18
1900	18
1910	18
1920	20
1930	18
1940	18
1950	18
1960	20
1970	19
1980	19
1990	20
2000	19
2010	21

INTO '/uhadoop2019/grupock/proyecto10/deltazs10';
anno	delta	
1860	14
1870	14
1880	13
1890	13
1900	13
1910	14
1920	14
1930	15
1940	14
1950	14
1960	16
1970	14
1980	14
1990	13
2000	14
2010	14


INTO '/uhadoop2019/grupock/proyecto10/deltaza10';
anno	delta
1860	11
1870	10
1880	10
1890	10
1900	13
1910	12
1920	11
1930	13
1940	11
1950	11
1960	12
1970	11
1980	12
1990	13
2000	11
2010	11


