INTO '/uhadoop2019/grupock/proyecto10/ng10';
anno	avg	min	max
1860	15.854166666666666	10	21
1870	15.520833333333334	9	21
1880	15.75	10	21
1890	15.4375	8	21
1900	16.333333333333332	10	22
1910	15.645833333333334	10	21
1920	16.041666666666668	9	22
1930	16.375	10	21
1940	16.5	11	21
1950	15.770833333333334	9	21
1960	16.1875	9	22
1970	16.5	9	22
1980	16.75	10	22
1990	16.541666666666668	9	22
2000	16.4375	9	21
2010	16.458333333333332	8	23

INTO '/uhadoop2019/grupock/proyecto10/nc10';
anno	avg	min	max
1860	12.083333333333334	5	15
1870	11.583333333333334	4	15
1880	12.527777777777779	6	16
1890	11.88888888888889	4	15
1900	12.666666666666666	6	16
1910	11.916666666666666	5	15
1920	12.38888888888889	4	16
1930	13.222222222222221	5	17
1940	12.472222222222221	6	15
1950	12.333333333333334	5	16
1960	12.722222222222221	5	17
1970	12.527777777777779	5	16
1980	13.13888888888889	5	17
1990	12.777777777777779	5	16
2000	12.777777777777779	5	16
2010	12.63888888888889	4	16

INTO '/uhadoop2019/grupock/proyecto10/zc10';
anno	avg	min	max
1860	9.984848484848484	-1	18
1870	9.583333333333334	-1	17
1880	10.477272727272727	0	17
1890	9.946969696969697	-1	17
1900	10.590909090909092	0	18
1910	9.780303030303031	-1	17
1920	10.43939393939394	-2	18
1930	11.113636363636363	0	18
1940	10.696969696969697	0	18
1950	10.333333333333334	0	18
1960	10.931818181818182	-1	19
1970	10.575757575757576	-1	18
1980	11.174242424242424	0	19
1990	10.681818181818182	-1	19
2000	10.825757575757576	-1	18
2010	10.780303030303031	-2	19

INTO '/uhadoop2019/grupock/proyecto10/zs10';
anno	avg	min	max
1860	9.2	3	17
1870	9.083333333333334	2	16
1880	9.6	3	16
1890	9.2	3	16
1900	9.7	3	16
1910	9.1	2	16
1920	9.6	3	17
1930	10.316666666666666	2	17
1940	10.266666666666667	4	18
1950	9.85	4	18
1960	10.25	2	18
1970	9.85	3	17
1980	10.383333333333333	4	18
1990	10.066666666666666	4	17
2000	9.916666666666666	3	17
2010	9.85	3	17

INTO '/uhadoop2019/grupock/proyecto10/za10';
anno	avg	min	max
1860	5.166666666666667	0	11
1870	5.083333333333333	0	10
1880	5.166666666666667	0	10
1890	5.083333333333333	0	10
1900	4.916666666666667	-3	10
1910	5.166666666666667	-1	11
1920	5.75	0	11
1930	5.25	-2	11
1940	5.583333333333333	0	11
1950	5.166666666666667	0	11
1960	5.916666666666667	0	12
1970	5.75	0	11
1980	5.75	0	12
1990	6.0	0	13
2000	5.75	0	11
2010	6.0	0	11

